Iteration number: 1
18	436	0
15	303	0
5	298	0
3	294	0
8	294	0
14	294	0
29	266	0
26	254	0
28	254	0
20	254	0
0	245	0
24	245	0
19	205	0
25	205	0
9	196	0
27	196	0
16	196	0
21	164	0
10	156	0
4	156	0
12	156	0
11	156	0
22	147	0
23	147	0
17	147	0
6	147	0
1	147	0
7	107	0
13	98	0
2	98	0
----
Iteration number: 2
18	436	0
15	303	0
5	298	0
3	294	0
8	294	0
14	294	0
42	294	0
38	294	0
31	294	0
29	266	0
26	254	0
20	254	0
28	254	0
41	245	0
49	245	0
46	196	0
43	196	0
40	196	0
34	196	0
39	147	0
45	147	0
36	147	0
32	147	0
30	147	0
44	107	0
48	107	0
37	98	0
47	98	0
35	98	0
33	98	0
----
Iteration number: 3
18	436	0
60	392	0
55	352	0
15	303	0
5	298	0
14	294	0
42	294	0
38	294	0
31	294	0
68	294	0
65	294	0
3	294	0
58	294	0
8	294	0
29	266	0
51	245	0
62	245	0
69	245	0
67	245	0
64	205	0
53	196	0
52	196	0
54	156	0
50	147	0
63	98	0
61	98	0
66	98	0
59	98	0
57	98	0
56	98	0
----
Iteration number: 4
18	436	0
60	392	0
55	352	0
89	343	0
15	303	0
76	301	0
5	298	0
38	294	0
31	294	0
68	294	0
14	294	0
87	294	0
85	294	0
42	294	0
71	280	0
82	269	0
86	254	0
84	245	0
78	245	0
83	245	0
80	245	0
81	245	0
88	245	0
75	196	0
70	196	0
73	147	0
72	147	0
74	147	0
79	98	0
77	98	0
----
Iteration number: 5
18	436	0
60	392	0
55	352	0
89	343	0
15	303	0
101	303	0
76	301	0
5	298	0
31	294	0
68	294	0
105	294	0
91	294	0
38	294	0
106	245	0
109	245	0
103	245	0
92	245	0
99	245	0
98	245	0
97	196	0
100	196	0
96	196	0
108	196	0
90	196	0
104	196	0
95	164	0
102	147	0
107	147	0
93	147	0
94	98	0
----
Iteration number: 6
121	1624	10
18	436	0
60	392	0
118	392	0
55	352	0
89	343	0
15	303	0
101	303	0
76	301	0
5	298	0
128	294	0
111	294	0
31	294	0
68	294	0
120	275	0
124	254	0
129	245	0
117	245	0
115	245	0
119	245	0
114	245	0
113	245	0
112	245	0
116	231	0
127	205	0
123	196	0
110	164	0
126	98	0
125	98	0
122	98	0
----
Iteration number: 7
121	1624	10
142	441	0
18	436	0
118	392	0
60	392	0
55	352	0
89	343	0
101	303	0
15	303	0
76	301	0
5	298	0
141	254	0
148	245	0
145	245	0
149	245	0
131	245	0
136	245	0
140	245	0
138	245	0
139	245	0
132	205	0
134	196	0
135	196	0
133	171	0
147	147	0
144	98	0
146	98	0
143	98	0
137	98	0
130	98	0
----
Iteration number: 8
121	1624	10
142	441	0
18	436	0
169	401	0
60	392	0
118	392	0
55	352	0
89	343	0
161	338	0
101	303	0
15	303	0
76	301	0
164	294	0
156	294	0
152	254	0
155	245	0
162	245	0
160	245	0
158	196	0
151	196	0
157	196	0
163	196	0
168	177	0
159	147	0
150	147	0
166	147	0
165	98	0
167	98	0
154	98	0
153	98	0
----
Iteration number: 9
121	1624	10
142	441	0
18	436	0
169	401	0
60	392	0
118	392	0
170	392	0
55	352	0
89	343	0
161	338	0
101	303	0
188	303	0
172	303	0
181	254	0
189	245	0
184	245	0
173	245	0
177	245	0
179	245	0
171	231	0
180	196	0
185	196	0
182	196	0
186	196	0
187	147	0
178	147	0
176	147	0
174	107	0
183	98	0
175	98	0
----
Iteration number: 10
121	1624	10
142	441	0
18	436	0
169	401	0
60	392	0
118	392	0
170	392	0
55	352	0
89	343	0
203	343	0
161	338	0
205	289	0
190	254	0
193	245	0
207	245	0
195	245	0
200	245	0
199	245	0
191	196	0
196	156	0
198	147	0
201	147	0
202	147	0
208	147	0
209	147	0
194	147	0
206	98	0
204	98	0
197	98	0
192	98	0
----
Iteration number: 11
121	1624	10
142	441	0
18	436	0
169	401	0
60	392	0
118	392	0
170	392	0
55	352	0
89	343	0
203	343	0
212	343	0
220	341	0
226	294	0
216	294	0
214	245	0
215	245	0
213	245	0
217	245	0
210	245	0
223	245	0
228	245	0
221	245	0
225	196	0
218	196	0
224	147	0
222	147	0
219	147	0
227	147	0
229	147	0
211	98	0
----
Iteration number: 12
121	1624	10
142	441	0
18	436	0
169	401	0
60	392	0
118	392	0
170	392	0
55	352	0
89	343	0
203	343	0
232	338	0
245	294	0
243	254	0
246	245	0
248	245	0
235	245	0
236	245	0
231	245	0
238	245	0
242	245	0
240	245	0
239	196	0
230	147	0
237	147	0
249	147	0
234	147	0
247	107	0
244	98	0
241	98	0
233	98	0
----
Iteration number: 13
121	1624	10
142	441	0
18	436	0
169	401	0
60	392	0
118	392	0
170	392	0
255	392	0
55	352	0
203	343	0
89	343	0
268	303	0
256	294	0
260	245	0
254	245	0
252	245	0
250	245	0
257	245	0
258	245	0
259	245	0
263	240	0
267	205	0
265	196	0
266	196	0
264	196	0
262	147	0
251	147	0
261	98	0
253	98	0
269	98	0
----
Iteration number: 14
121	1624	10
142	441	0
18	436	0
169	401	0
60	392	0
118	392	0
170	392	0
255	392	0
55	352	0
203	343	0
280	343	0
272	311	0
270	303	0
278	303	0
283	245	0
275	245	0
282	245	0
289	245	0
286	245	0
279	245	0
276	205	0
281	196	0
271	196	0
288	196	0
284	196	0
285	196	0
277	147	0
274	147	0
273	107	0
287	98	0
----
Iteration number: 15
121	1624	10
142	441	0
18	436	0
169	401	0
60	392	0
118	392	0
170	392	0
255	392	0
294	392	0
292	392	0
55	352	0
203	343	0
309	294	0
290	285	0
307	262	0
302	254	0
298	254	0
297	254	0
304	245	0
295	245	0
303	240	0
306	196	0
296	196	0
308	156	0
299	147	0
300	147	0
301	145	0
291	107	0
305	98	0
293	98	0
----
Iteration number: 16
121	1624	10
142	441	0
18	436	0
169	401	0
60	392	0
118	392	0
170	392	0
255	392	0
294	392	0
292	392	0
316	318	0
321	303	0
327	303	0
317	294	0
323	254	0
315	245	0
318	245	0
329	245	0
326	196	0
324	196	0
320	196	0
311	196	0
322	196	0
310	196	0
312	147	0
328	147	0
319	107	0
325	98	0
314	98	0
313	98	0
----
Iteration number: 17
121	1624	10
142	441	0
335	441	0
18	436	0
346	401	0
169	401	0
170	392	0
255	392	0
294	392	0
292	392	0
60	392	0
118	392	0
333	294	0
342	269	0
334	245	0
347	245	0
336	245	0
345	245	0
343	245	0
331	245	0
340	245	0
341	196	0
330	196	0
348	196	0
344	147	0
339	147	0
349	147	0
337	147	0
338	107	0
332	98	0
----
Iteration number: 18
121	1624	10
142	441	0
335	441	0
18	436	0
346	401	0
169	401	0
170	392	0
255	392	0
294	392	0
292	392	0
356	352	0
367	343	0
369	338	0
354	303	0
366	254	0
350	254	0
364	245	0
363	245	0
358	245	0
359	245	0
360	245	0
357	205	0
351	196	0
352	196	0
355	196	0
365	196	0
362	147	0
361	147	0
368	147	0
353	98	0
----
Iteration number: 19
121	1624	10
142	441	0
335	441	0
18	436	0
346	401	0
169	401	0
170	392	0
255	392	0
294	392	0
292	392	0
385	343	0
376	336	0
372	334	0
375	294	0
384	292	0
383	292	0
387	254	0
386	245	0
388	245	0
379	245	0
373	245	0
381	245	0
382	245	0
374	245	0
371	226	0
380	196	0
370	196	0
377	196	0
378	147	0
389	98	0
----
Iteration number: 20
121	1624	10
142	441	0
335	441	0
390	441	0
18	436	0
169	401	0
346	401	0
255	392	0
294	392	0
292	392	0
170	392	0
393	294	0
392	245	0
405	245	0
398	245	0
397	245	0
396	205	0
407	196	0
394	196	0
409	196	0
403	196	0
401	156	0
395	147	0
400	147	0
404	147	0
408	147	0
406	107	0
402	98	0
399	98	0
391	98	0
----
Creating checkpoint
Iteration number: 21
423	2106	15
121	1624	10
335	441	0
390	441	0
427	441	0
142	441	0
18	436	0
429	409	0
346	401	0
169	401	0
255	392	0
294	392	0
292	392	0
424	343	0
413	303	0
419	303	0
426	294	0
420	285	0
410	245	0
422	245	0
417	214	0
425	196	0
418	196	0
416	196	0
428	194	0
412	147	0
421	98	0
415	98	0
414	98	0
411	98	0
----
Iteration number: 22
423	5547	46
121	1624	10
335	441	0
390	441	0
427	441	0
142	441	0
18	436	0
446	416	0
429	409	0
169	401	0
346	401	0
435	334	0
441	254	0
445	254	0
434	245	0
430	245	0
436	245	0
448	245	0
443	245	0
439	245	0
440	245	0
432	245	0
442	245	0
433	240	0
447	196	0
449	196	0
437	196	0
444	156	0
431	147	0
438	98	0
----
Iteration number: 23
423	2217	16
121	1624	10
335	441	0
390	441	0
427	441	0
142	441	0
18	436	0
457	436	0
446	416	0
429	409	0
461	401	0
169	401	0
466	338	0
463	303	0
469	294	0
464	283	0
467	254	0
465	254	0
453	245	0
454	245	0
460	245	0
468	245	0
462	245	0
455	245	0
459	196	0
451	196	0
458	147	0
456	147	0
452	98	0
450	98	0
----
Iteration number: 24
423	7434	63
121	1624	10
335	441	0
390	441	0
427	441	0
142	441	0
18	436	0
457	436	0
489	422	0
446	416	0
429	409	0
487	294	0
478	294	0
473	254	0
474	245	0
471	245	0
486	245	0
477	245	0
472	245	0
479	245	0
480	245	0
481	245	0
482	245	0
488	196	0
476	196	0
483	147	0
470	107	0
484	107	0
485	98	0
475	98	0
----
Iteration number: 25
423	4104	33
121	1624	10
335	441	0
390	441	0
427	441	0
142	441	0
18	436	0
457	436	0
489	422	0
446	416	0
508	392	0
509	343	0
499	343	0
493	294	0
492	294	0
496	294	0
498	275	0
506	263	0
500	254	0
501	254	0
504	245	0
494	245	0
503	245	0
491	196	0
507	196	0
502	165	0
490	147	0
505	98	0
497	98	0
495	98	0
----
Iteration number: 26
423	7212	61
121	1624	10
335	441	0
390	441	0
427	441	0
142	441	0
18	436	0
457	436	0
489	422	0
446	416	0
528	311	0
529	303	0
521	294	0
515	292	0
514	254	0
527	254	0
519	254	0
510	245	0
526	245	0
516	245	0
520	245	0
513	245	0
522	245	0
523	245	0
524	245	0
525	245	0
512	208	0
518	205	0
517	196	0
511	196	0
----
Iteration number: 27
423	1995	14
121	1624	10
335	441	0
390	441	0
427	441	0
142	441	0
18	436	0
457	436	0
489	422	0
446	416	0
549	401	0
542	341	0
530	294	0
537	289	0
532	254	0
543	254	0
536	254	0
547	245	0
538	245	0
539	245	0
540	245	0
541	245	0
534	245	0
548	245	0
544	245	0
545	245	0
546	245	0
533	115	0
535	98	0
531	98	0
----
Iteration number: 28
423	2106	15
121	1624	10
335	441	0
390	441	0
427	441	0
142	441	0
18	436	0
457	436	0
489	422	0
446	416	0
563	383	0
556	347	0
557	341	0
564	320	0
550	303	0
551	294	0
562	275	0
558	254	0
555	245	0
559	245	0
560	245	0
566	245	0
567	245	0
568	245	0
569	245	0
565	245	0
561	196	0
552	196	0
554	147	0
553	107	0
----
Iteration number: 29
423	3771	30
121	1624	10
335	441	0
390	441	0
427	441	0
142	441	0
581	441	0
457	436	0
18	436	0
489	422	0
446	416	0
571	341	0
588	294	0
584	294	0
589	294	0
586	254	0
583	254	0
574	254	0
578	245	0
572	245	0
580	245	0
577	245	0
587	245	0
576	245	0
570	245	0
585	245	0
573	245	0
575	196	0
579	196	0
582	147	0
----
Iteration number: 30
423	2106	15
121	1624	10
335	441	0
390	441	0
427	441	0
142	441	0
581	441	0
457	436	0
18	436	0
489	422	0
605	352	0
609	312	0
604	303	0
593	294	0
590	294	0
602	254	0
596	245	0
597	245	0
598	245	0
599	245	0
600	245	0
591	245	0
595	245	0
606	245	0
594	245	0
592	245	0
603	205	0
607	196	0
601	196	0
608	98	0
----
Iteration number: 31
423	5991	50
121	1624	10
335	441	0
390	441	0
427	441	0
142	441	0
581	441	0
457	436	0
18	436	0
489	422	0
616	324	0
620	294	0
612	294	0
625	294	0
614	294	0
613	292	0
628	254	0
619	254	0
618	245	0
629	245	0
615	245	0
611	245	0
623	245	0
621	205	0
610	196	0
622	196	0
624	156	0
617	147	0
626	147	0
627	98	0
----
Iteration number: 32
423	2106	15
121	1624	10
335	441	0
390	441	0
427	441	0
142	441	0
581	441	0
457	436	0
18	436	0
489	422	0
647	352	0
632	352	0
642	269	0
645	254	0
634	254	0
639	254	0
636	245	0
637	245	0
644	245	0
631	245	0
630	245	0
638	220	0
641	196	0
640	196	0
643	177	0
633	164	0
635	107	0
646	98	0
648	98	0
649	98	0
----
Iteration number: 33
650	63249	501
423	7878	67
121	1624	10
390	441	0
427	441	0
142	441	0
581	441	0
335	441	0
18	436	0
457	436	0
489	422	0
653	352	0
656	294	0
660	294	0
654	245	0
667	245	0
652	245	0
666	245	0
658	245	0
663	245	0
669	245	0
661	245	0
651	220	0
662	196	0
655	196	0
664	165	0
657	107	0
665	98	0
668	98	0
659	98	0
----
Iteration number: 34
650	30992	256
423	5103	42
121	1624	10
390	441	0
427	441	0
142	441	0
581	441	0
335	441	0
18	436	0
457	436	0
688	422	0
685	334	0
686	303	0
689	254	0
670	254	0
684	254	0
676	245	0
683	245	0
679	245	0
678	196	0
675	196	0
687	196	0
677	177	0
682	147	0
672	147	0
680	147	0
673	107	0
681	98	0
674	98	0
671	98	0
----
Iteration number: 35
650	32156	266
423	2106	15
121	1624	10
390	441	0
427	441	0
142	441	0
581	441	0
335	441	0
18	436	0
457	436	0
690	409	0
692	329	0
702	294	0
698	294	0
705	289	0
699	262	0
691	254	0
697	254	0
700	254	0
703	245	0
693	245	0
707	245	0
701	196	0
706	196	0
695	196	0
694	156	0
708	156	0
704	147	0
696	147	0
709	98	0
----
Iteration number: 36
650	31070	257
423	2106	15
121	1624	10
390	441	0
427	441	0
142	441	0
581	441	0
335	441	0
18	436	0
457	436	0
717	378	0
712	338	0
719	324	0
720	324	0
715	303	0
729	292	0
713	254	0
714	254	0
718	245	0
716	245	0
711	245	0
721	245	0
728	245	0
726	245	0
724	245	0
725	196	0
723	196	0
722	196	0
727	107	0
710	107	0
----
Iteration number: 37
650	30433	253
423	6213	52
121	1624	10
390	441	0
427	441	0
142	441	0
581	441	0
335	441	0
18	436	0
457	436	0
749	409	0
731	343	0
732	303	0
746	294	0
734	245	0
735	245	0
736	245	0
747	245	0
730	245	0
739	245	0
740	245	0
741	245	0
745	245	0
737	231	0
743	214	0
744	196	0
742	196	0
738	156	0
733	156	0
748	147	0
----
Iteration number: 38
650	30541	253
423	2106	15
121	1624	10
390	441	0
427	441	0
142	441	0
581	441	0
335	441	0
760	441	0
457	436	0
18	436	0
764	343	0
754	303	0
753	294	0
752	294	0
751	294	0
759	294	0
766	254	0
767	245	0
768	245	0
756	245	0
750	245	0
762	245	0
755	245	0
757	196	0
765	196	0
758	147	0
763	98	0
761	98	0
769	98	0
----
Iteration number: 39
650	31486	260
423	4992	41
121	1624	10
390	441	0
427	441	0
142	441	0
581	441	0
335	441	0
760	441	0
457	436	0
781	341	0
771	294	0
776	294	0
772	263	0
774	245	0
784	245	0
773	245	0
777	245	0
783	245	0
779	245	0
780	245	0
789	245	0
782	245	0
785	156	0
786	147	0
787	147	0
778	122	0
775	107	0
788	98	0
770	98	0
----
Iteration number: 40
650	32253	267
423	2217	16
121	1624	10
390	441	0
427	441	0
142	441	0
581	441	0
335	441	0
760	441	0
457	436	0
800	352	0
792	294	0
804	289	0
808	289	0
799	289	0
803	254	0
801	254	0
793	254	0
791	254	0
798	245	0
809	245	0
794	245	0
795	196	0
796	156	0
802	147	0
805	107	0
806	98	0
807	98	0
797	98	0
790	98	0
----
Creating checkpoint
Iteration number: 41
650	30486	252
423	2217	16
121	1624	10
390	441	0
427	441	0
142	441	0
581	441	0
335	441	0
760	441	0
822	441	0
457	436	0
818	352	0
813	329	0
826	324	0
829	285	0
811	280	0
827	271	0
812	262	0
810	254	0
828	245	0
820	245	0
815	245	0
814	245	0
816	245	0
824	245	0
823	196	0
825	147	0
817	147	0
821	107	0
819	98	0
----
Iteration number: 42
650	32131	266
423	7878	67
121	1624	10
390	441	0
427	441	0
142	441	0
581	441	0
335	441	0
760	441	0
822	441	0
836	334	0
849	324	0
832	294	0
838	254	0
840	254	0
846	245	0
848	245	0
837	245	0
833	245	0
843	245	0
830	245	0
839	196	0
845	147	0
841	133	0
835	107	0
847	107	0
844	98	0
842	98	0
834	98	0
831	98	0
----
Iteration number: 43
650	30545	253
423	2106	15
121	1624	10
390	441	0
427	441	0
142	441	0
581	441	0
335	441	0
760	441	0
822	441	0
867	294	0
869	254	0
862	254	0
860	254	0
865	245	0
864	245	0
868	245	0
857	245	0
861	245	0
853	245	0
859	243	0
855	205	0
866	156	0
863	156	0
852	156	0
850	156	0
856	107	0
858	98	0
854	98	0
851	98	0
----
Iteration number: 44
887	30474	253
650	30273	252
423	6324	53
121	1624	10
427	441	0
142	441	0
581	441	0
335	441	0
760	441	0
822	441	0
390	441	0
874	392	0
886	275	0
885	269	0
880	254	0
875	254	0
876	245	0
877	245	0
871	245	0
879	245	0
873	245	0
883	245	0
882	245	0
870	164	0
872	156	0
888	107	0
884	98	0
881	98	0
878	98	0
889	98	0
----
Iteration number: 45
887	31760	263
650	31408	260
423	5214	43
121	1624	10
427	441	0
142	441	0
581	441	0
335	441	0
760	441	0
822	441	0
903	352	0
890	294	0
897	294	0
895	294	0
900	289	0
894	254	0
891	254	0
905	254	0
908	254	0
899	254	0
898	245	0
901	245	0
902	245	0
896	245	0
892	245	0
893	245	0
906	205	0
904	196	0
907	107	0
909	98	0
----
Iteration number: 46
650	33318	275
887	31504	260
423	1995	14
121	1624	10
427	441	0
142	441	0
581	441	0
335	441	0
760	441	0
822	441	0
918	441	0
926	401	0
928	392	0
920	373	0
914	352	0
923	294	0
929	294	0
917	294	0
925	294	0
919	289	0
916	245	0
921	245	0
922	245	0
927	245	0
924	245	0
913	245	0
910	245	0
911	128	0
915	98	0
912	98	0
----
Iteration number: 47
650	31087	257
887	30770	256
423	3771	30
121	1624	10
427	441	0
142	441	0
581	441	0
335	441	0
760	441	0
822	441	0
932	392	0
936	303	0
943	303	0
942	294	0
934	294	0
938	294	0
946	294	0
937	294	0
945	292	0
948	245	0
949	245	0
935	245	0
941	205	0
947	147	0
933	122	0
944	98	0
940	98	0
939	98	0
931	98	0
930	98	0
----
Iteration number: 48
650	32231	266
887	30632	255
423	5103	42
121	1624	10
427	441	0
142	441	0
581	441	0
335	441	0
760	441	0
822	441	0
956	422	0
969	294	0
955	294	0
950	254	0
954	254	0
968	254	0
953	245	0
967	245	0
966	245	0
963	245	0
964	205	0
952	196	0
959	196	0
960	196	0
962	156	0
957	147	0
961	138	0
951	107	0
965	98	0
958	98	0
----
Iteration number: 49
978	66141	501
887	30639	254
650	30631	255
423	6102	51
121	1624	10
142	441	0
581	441	0
335	441	0
760	441	0
822	441	0
427	441	0
985	329	0
974	329	0
986	294	0
987	294	0
970	294	0
989	294	0
973	269	0
972	245	0
979	245	0
988	245	0
976	245	0
982	245	0
984	226	0
975	205	0
980	196	0
971	196	0
981	147	0
983	116	0
977	98	0
----
Iteration number: 50
978	66165	501
650	31420	260
887	30936	257
423	6324	53
121	1624	10
142	441	0
581	441	0
335	441	0
760	441	0
822	441	0
1007	294	0
1006	294	0
1005	294	0
1003	294	0
1001	294	0
1000	292	0
996	254	0
993	245	0
1002	245	0
990	245	0
992	245	0
999	196	0
997	196	0
991	177	0
1009	156	0
994	156	0
1008	147	0
1004	107	0
998	107	0
995	98	0
----
Iteration number: 51
1012	67607	501
978	66166	501
1010	63974	501
887	31819	263
650	30561	253
423	2106	15
121	1624	10
335	441	0
760	441	0
822	441	0
581	441	0
142	441	0
1027	373	0
1018	303	0
1023	294	0
1022	294	0
1011	294	0
1015	289	0
1028	280	0
1019	275	0
1021	254	0
1029	245	0
1014	220	0
1020	196	0
1024	156	0
1017	156	0
1026	156	0
1013	107	0
1025	98	0
1016	98	0
----
Iteration number: 52
1012	67621	501
978	66157	501
1045	66045	501
1010	32945	269
650	31512	261
887	31150	259
423	3771	30
1049	2564	17
121	1624	10
822	441	0
335	441	0
760	441	0
1043	416	0
1041	401	0
1040	343	0
1046	324	0
1038	303	0
1033	294	0
1044	294	0
1030	294	0
1032	294	0
1048	245	0
1034	245	0
1037	245	0
1039	236	0
1031	205	0
1042	196	0
1036	196	0
1047	98	0
1035	98	0
----
Iteration number: 53
978	66085	501
1045	66077	501
1012	34021	259
1010	31324	257
887	30987	258
650	30306	252
1049	2564	17
423	2106	15
121	1624	10
822	441	0
1068	441	0
1058	409	0
1057	401	0
1051	383	0
1069	324	0
1052	294	0
1062	294	0
1054	294	0
1053	294	0
1061	294	0
1066	245	0
1055	245	0
1050	245	0
1067	205	0
1056	205	0
1059	196	0
1065	165	0
1064	147	0
1063	98	0
1060	98	0
----
Iteration number: 54
1012	67507	501
978	66106	501
1045	66057	501
887	30671	256
650	30138	250
1010	27514	226
423	5103	42
1049	2564	17
121	1624	10
822	441	0
1084	324	0
1082	303	0
1085	294	0
1079	294	0
1078	294	0
1076	294	0
1088	269	0
1077	245	0
1075	245	0
1074	245	0
1080	245	0
1089	245	0
1071	245	0
1083	245	0
1081	205	0
1073	196	0
1086	107	0
1087	98	0
1072	98	0
1070	98	0
----
Iteration number: 55
1012	67543	501
978	66123	501
1045	65922	501
887	33356	276
1010	30864	253
650	30374	252
423	3771	30
1049	2564	17
121	1624	10
822	441	0
1093	401	0
1101	360	0
1102	343	0
1092	334	0
1091	329	0
1109	324	0
1098	303	0
1097	294	0
1094	294	0
1106	294	0
1100	245	0
1099	245	0
1096	245	0
1095	245	0
1090	205	0
1107	156	0
1105	147	0
1108	147	0
1103	116	0
1104	107	0
----
Iteration number: 56
1012	67539	501
978	66163	501
1045	66017	501
650	63242	501
1127	34422	261
1010	30744	252
887	29442	245
1111	26845	219
423	3771	30
1049	2564	17
121	1624	10
822	441	0
1112	341	0
1115	303	0
1128	254	0
1114	245	0
1116	245	0
1125	245	0
1124	245	0
1122	231	0
1119	220	0
1121	205	0
1117	196	0
1113	196	0
1126	164	0
1123	156	0
1120	156	0
1118	98	0
1110	98	0
1129	98	0
----
Iteration number: 57
1127	67908	501
1012	67496	501
978	66047	501
1045	65991	501
1136	31435	260
1010	30711	252
650	30215	251
887	30040	250
1111	29725	243
423	5103	42
1049	2564	17
1146	1589	10
1132	439	0
1143	303	0
1149	303	0
1137	294	0
1140	294	0
1139	289	0
1134	263	0
1144	254	0
1131	254	0
1148	254	0
1142	245	0
1130	245	0
1147	245	0
1138	156	0
1141	156	0
1145	107	0
1135	107	0
1133	98	0
----
Iteration number: 58
1127	68006	501
1012	67584	501
978	66220	501
1045	66110	501
1163	63845	501
650	63206	501
1010	32141	263
887	30648	255
1136	30296	252
1111	25937	212
423	5214	43
1155	1471	9
1158	401	0
1167	329	0
1150	294	0
1153	294	0
1156	294	0
1164	262	0
1157	245	0
1166	245	0
1152	245	0
1161	245	0
1162	245	0
1169	245	0
1165	205	0
1160	156	0
1154	156	0
1151	116	0
1168	98	0
1159	98	0
----
Iteration number: 59
1127	67935	501
1012	67544	501
978	66167	501
1045	65983	501
1174	65237	501
1010	63954	501
1163	63840	501
887	31378	260
1136	30571	253
650	30212	251
1111	25947	212
1173	303	0
1189	298	0
1178	294	0
1184	294	0
1175	289	0
1186	269	0
1183	254	0
1177	245	0
1179	245	0
1172	245	0
1187	245	0
1171	213	0
1185	205	0
1180	156	0
1176	156	0
1181	147	0
1182	107	0
1188	107	0
1170	107	0
----
Iteration number: 60
978	66129	501
1045	66045	501
1174	65259	501
1192	64069	501
1163	63917	501
1012	36691	278
1127	34370	260
650	32374	267
1136	32065	266
887	31539	261
1010	28616	235
1193	792	3
1207	559	1
1204	383	0
1202	360	0
1194	352	0
1190	329	0
1206	294	0
1201	294	0
1199	294	0
1200	245	0
1198	245	0
1197	245	0
1203	245	0
1209	245	0
1205	245	0
1195	245	0
1191	245	0
1208	156	0
1196	98	0
----
