Loading checkpoint
Iteration number: 120
2424	505.2	3.2
2361	445.2	2.6
2407	356.6	2
2420	324.4	1.6
2423	320	1.4
2413	303.6	1.4
2421	278.4	1
2418	242.4	1
2403	225.8	0.8
2334	211.4	0.4
2401	203.8	0.4
2386	201.8	0.6
2419	194.2	0.4
2415	193	0.6
2381	183.8	0.4
2427	183	0.4
2374	169.8	0.2
2102	169.6	0
2429	166	0.2
2412	162.6	0.2
2399	144.8	0.2
2411	134.6	0
2414	122	0
2422	120.6	0
2426	110.2	0
2417	106.4	0
2410	97.8	0
2425	96.6	0
2428	92.6	0
2416	92.6	0
----
Creating checkpoint
Iteration number: 121
44	388.2	2
2423	372.2	2
48	364.2	1.8
40	363.8	1.8
33	308.8	1.2
42	286.8	1.2
2424	284	1.2
2420	281.2	1.2
31	275.8	1.2
2421	275.4	1
2403	267.6	1
2361	259.2	1
2413	249.8	1
45	246.4	1.2
39	242	1
43	230.2	1
2407	230	1
2418	206.2	0.8
41	191.6	0.4
49	187.2	0.4
2334	175.6	0.2
30	164.8	0.2
46	137	0
35	120	0
38	104	0
32	104	0
36	104	0
47	104	0
34	104	0
37	94	0
----
Iteration number: 122
51	475.2	3
31	447.6	2.8
40	418.4	2.6
55	377.8	2.2
59	352.2	2
2423	350.2	2
61	341.4	1.8
48	333.8	1.8
2424	329	1.8
2420	324.6	1.8
58	315.8	1.8
42	312.6	1.6
33	286.2	1.4
65	284	1.4
44	259.4	1.2
54	258.4	1.4
57	223.2	0.8
2421	222.2	0.8
66	217	1
67	184.8	0.4
60	137.4	0
53	132.4	0
50	129.6	0
63	110.2	0
56	105	0
64	103.2	0
62	102.6	0
68	87.8	0
52	82	0
69	82	0
----
Iteration number: 123
74	487.2	3
2424	487	3.2
61	448.8	2.6
83	420.4	2.6
80	401.4	2.6
79	401.2	2.4
78	391.6	2.2
87	390.4	2.4
77	379	2
2423	374.8	2
51	362.8	2
81	344	2
55	324.8	1.6
31	306.2	1.6
48	304.2	1.6
40	302.8	1.4
86	271.8	1.2
84	263.6	1
85	243.6	1.2
75	243.6	1.2
82	242.2	1.2
71	207.2	0.8
89	198	0.8
72	191	0.8
2420	167.4	0.6
59	167	0.4
73	148.4	0.2
76	120.6	0
88	101	0
70	94	0
----
Iteration number: 124
103	509.6	3.4
87	507.4	3.4
78	461	2.8
108	422.6	2.8
2423	410.8	2.4
2424	409.8	2.4
80	408.2	2.6
106	397.6	2.4
74	384.2	2.2
77	362	2
104	361.8	2
105	348.4	1.8
99	342.8	1.8
61	327.4	1.8
94	318.8	1.8
91	311.8	1.6
79	306.8	1.6
100	306	1.6
109	304.4	1.4
98	282.2	1.4
93	274.8	1.4
95	253.8	1.2
101	198.6	0.6
83	171.6	0.4
102	149.8	0.2
90	132.6	0
92	117.2	0
107	95.8	0
96	95.8	0
97	91.6	0
----
Iteration number: 125
77	530.8	3.4
115	462.6	2.8
110	445.6	2.8
2423	437.8	2.6
87	428	2.6
113	399.4	2.4
118	397.8	2.4
124	366.8	2.2
123	366	2
2424	356.4	2
80	330.2	1.8
108	328.6	1.8
120	317.4	1.6
114	299.8	1.6
78	296.8	1.4
74	294.2	1.4
128	283.2	1.6
106	279	1.2
111	269	1.2
122	250.8	1.2
116	226.4	0.8
103	212	0.8
112	208	0.8
117	154.6	0.4
121	140	0
126	134.8	0.4
129	117.8	0
125	107.4	0
127	98.8	0
119	86.8	0
----
Iteration number: 126
113	423.4	2.4
149	372.8	2
137	371.6	2
77	358	1.8
123	345	1.6
130	335.8	1.8
142	334.8	1.6
2423	324.4	1.6
2424	305.6	1.4
124	302.4	1.2
134	301.8	1.6
118	298.2	1.4
115	291	1.2
87	289.4	1.4
145	267.4	1
147	252.2	1
140	243.6	1
132	232.2	0.8
110	227.2	0.8
139	200.2	0.4
138	194.6	0.6
136	188.4	0.6
133	160.6	0.4
148	148.6	0.2
146	134.4	0
141	121.2	0
131	113.8	0
143	100.2	0
135	95.2	0
144	76	0
----
Iteration number: 127
2424	398.6	2.2
113	339.2	1.8
154	328.2	1.8
153	314.2	1.6
162	303.4	1.4
155	297	1.4
150	287	1.4
152	282	1.2
137	275	1.4
123	262.6	1.2
157	254.6	1.2
167	238.6	1
142	232	0.8
130	224.8	1
77	206.6	0.6
169	206	0.6
2423	199.6	0.6
149	194.2	0.6
164	182	0.4
160	175.6	0.6
151	175.2	0.4
156	173.2	0.2
165	149.4	0.2
159	139	0.2
124	129.6	0
168	108.2	0
166	100.4	0
163	96.4	0
158	94.4	0
161	82.2	0
----
Iteration number: 128
2424	354.6	1.8
123	294.6	1.2
182	284	1.4
137	283	1.4
189	267.8	1.4
152	256.2	1.2
185	228	1
174	226.4	0.8
180	215.4	0.8
162	213	0.6
188	205.4	0.8
175	160.6	0.4
154	160.2	0.4
153	160	0.2
172	157	0.4
150	154.2	0.2
155	150.6	0.2
171	150.4	0.2
113	147.2	0.2
186	146	0.4
177	136	0.2
183	131.4	0
179	117	0.2
176	114.6	0
187	96.4	0
184	96.2	0
170	91.6	0
178	91.4	0
181	85.8	0
173	82.2	0
----
Iteration number: 129
2424	442.8	2.6
200	351.2	1.8
137	330	1.8
152	320.4	1.6
197	318.8	1.6
174	275.8	1.4
199	264.4	1.2
194	242.2	1.2
191	239.2	1
205	235.6	0.8
193	233.4	1
189	219.2	0.8
195	216	0.8
162	214.2	0.6
185	214.2	0.6
180	183.2	0.4
208	157.2	0.2
204	157	0.4
123	146.2	0.2
182	145	0.4
190	142.6	0.4
201	135.2	0.2
196	117.2	0
207	110.6	0
209	103.6	0
202	102	0
198	100.6	0
203	98.8	0
192	95.4	0
206	90.8	0
----
Iteration number: 130
210	441.2	2.6
212	432.6	2.4
197	424.8	2.4
216	420.8	2.4
221	390.4	2.6
152	389.8	2
191	382	2.2
2424	331.6	1.6
199	331.2	1.6
174	307.4	1.6
213	306.4	1.4
228	299.4	1.6
220	291.4	1.4
194	273.4	1.4
223	270.2	1.2
137	267.6	1.2
227	244.2	1.2
200	242.2	0.8
218	207.4	0.8
205	186.4	0.4
224	165	0.4
217	151.2	0
215	148.4	0.2
214	138	0
225	121.8	0
222	118.8	0
226	111.2	0
211	110.6	0
219	95.4	0
229	92.4	0
----
Iteration number: 131
239	425	2.4
245	418.2	2.4
174	396	2.2
221	358.4	2.2
238	350.4	1.8
197	345.8	1.8
212	322.4	1.6
231	288.6	1.2
191	273.2	1.4
230	256	1
246	242.6	1
2424	225	0.8
248	224.4	0.8
210	223.4	0.8
242	220.4	1
244	220.2	0.8
216	216	0.8
240	212.4	0.6
247	202.8	0.6
235	198.6	0.8
243	186.6	0.4
249	182.4	0.4
199	165.4	0.2
236	144.8	0
152	135.4	0
234	134.4	0
237	121.6	0
232	117.4	0
233	96	0
241	70.6	0
----
Iteration number: 132
265	493	3.2
221	477.6	3.2
245	394	2.2
263	373.8	2
212	369	2
238	364	2
239	333.8	1.8
231	332.4	1.6
260	319.6	1.6
269	304.2	1.6
174	261.4	1.2
197	260.6	1
266	258.4	1.2
230	245.2	1
253	215.8	0.6
252	208	0.6
191	200.2	0.6
257	198	0.8
262	185.6	0.6
264	175	0.4
254	174.8	0.4
267	174.2	0.4
250	162.2	0.4
258	131.4	0
256	121.4	0
259	114.6	0
255	101	0
261	98.8	0
251	89	0
268	87	0
----
Iteration number: 133
238	544.8	3.6
271	542.8	3.6
288	492.8	3.2
270	454.8	2.8
239	406.6	2.4
279	406.6	2.8
277	382.8	2.2
212	337.8	2
231	274	1.4
284	273.8	1.6
278	259	1.2
269	253	1.4
245	238.6	0.8
276	225.2	1
280	209	0.6
265	208.6	0.8
286	200.4	0.8
274	200.4	1
260	194.2	0.6
263	193.4	0.6
275	188.2	0.8
221	180.2	0.8
272	171	0.4
283	163.4	0.6
285	157.8	0.6
289	154.8	0.6
281	147.2	0.2
282	136.4	0.2
287	109.4	0
273	85.2	0
----
Iteration number: 134
298	441	2.6
297	424	2.6
305	423	2.6
300	367.4	2.2
231	365	2
212	315.2	1.6
291	301.8	1.4
271	299	1.8
304	297.2	1.6
307	277.6	1.2
284	274.6	1.6
239	267.8	1.2
292	266.6	1.2
301	254.8	1
279	228	1
308	226.6	0.8
238	218.2	0.8
290	211.8	0.6
270	208.6	0.6
295	202.6	1
294	202.6	0.6
303	190	0.8
277	188.4	0.4
293	184.6	0.8
299	184	0.8
288	164	0.2
306	138.4	0.2
302	91.6	0
296	91.6	0
309	91.6	0
----
Iteration number: 135
328	474.2	3
316	405.8	2.4
305	377.8	2.2
212	329	1.6
327	325.2	1.8
291	316.4	1.6
298	283.4	1.4
307	265.8	1.2
319	260.8	1.2
318	235.8	1
297	232	1
304	223.8	0.8
271	220.2	1
313	219.6	0.8
322	212.4	0.6
321	207.8	0.8
317	198	0.8
326	192.8	0.6
329	184.8	0.6
300	175.8	0.6
312	167.4	0.4
315	136.6	0.2
231	133.4	0
324	102	0
311	96.2	0
325	94.6	0
314	83.8	0
320	83.2	0
323	82.2	0
310	82.2	0
----
Iteration number: 136
343	624.6	4.4
319	470.4	3
327	439.4	2.6
339	402.2	2.4
318	383.2	2.2
291	363.2	2
334	360	2
342	356	2
333	345.2	2
345	321.8	1.8
212	309.8	1.6
340	299.6	1.6
298	268.2	1.4
347	264.4	1.2
305	258.2	1.2
344	240.4	1
307	231.4	1
335	219.4	0.8
316	192.4	0.6
331	175	0.6
328	161.4	0.2
336	135.8	0
338	126.4	0
341	108.2	0
349	106	0
346	102.6	0
330	98.8	0
348	94.4	0
337	85.4	0
332	85.4	0
----
Iteration number: 137
327	412.6	2.4
351	388.8	2.2
350	352.6	2
368	341.6	1.8
367	325.2	1.6
356	312.8	1.6
366	309.6	1.6
343	307.6	1.6
359	303.8	1.4
362	301.6	1.4
364	301.2	1.6
354	283	1.4
369	279.2	1.4
342	275.2	1.4
361	259	1
334	248.4	1
339	238.8	1
319	236.8	1
318	236.8	1
365	230	0.8
355	224.6	0.8
333	218.2	0.8
345	182.2	0.6
363	152.6	0.2
291	136.4	0
353	135.6	0.4
357	129.6	0
352	125.2	0
360	112.2	0
358	78.4	0
----
Iteration number: 138
381	482.4	3.2
373	416	2.4
372	376.2	2
327	369.8	2
368	340.6	1.6
386	325.8	1.6
377	312.2	1.6
350	291	1.4
356	290.6	1.2
343	285	1.2
379	273	1.2
351	273	1.2
376	269.2	1.2
388	263.6	1
370	256.4	1
383	255.4	1.2
380	248.6	1
366	246.4	1
375	221.2	0.6
362	219.8	0.8
367	217.8	0.6
378	208.8	0.6
359	188.8	0.4
382	166	0.2
385	132.4	0
371	129.4	0
389	100.8	0
387	100.8	0
384	97	0
374	86	0
----
Iteration number: 139
405	610.8	4.2
327	575.8	4
356	530.6	3.6
406	492.6	3.2
393	483.8	3.2
403	468.4	3
377	463.6	3
350	381.2	2.2
372	366.2	2.2
409	365.2	2
398	350.4	2
407	341.4	2
392	335.6	1.8
401	333.4	1.8
381	318.6	1.8
399	314.6	1.6
390	311.8	1.6
386	309.8	1.6
368	306.8	1.6
343	301.4	1.6
397	290.6	1.4
408	276	1.2
400	250.6	1.2
395	233	1
404	217.4	0.8
396	180.8	0.6
373	168.2	0.4
391	168	0.4
394	101.8	0
402	91.2	0
----
Iteration number: 140
429	387.8	2.2
417	377.2	2
427	315.8	1.6
422	315.2	1.6
356	306	1.6
327	299.8	1.4
421	298.2	1.4
424	294.2	1.4
372	290	1.4
405	281	1.4
406	280	1.2
377	252.4	1
403	238.8	0.8
350	237	1
423	235.8	1
409	220.2	0.8
420	213.4	0.8
416	212.8	0.8
393	206.2	0.6
412	192.8	0.6
411	191.8	0.6
418	190.2	0.6
425	163	0.2
419	158.6	0.2
426	153	0.4
410	144.2	0
414	140	0
428	136.8	0.2
415	105.8	0
413	89.8	0
----
Creating checkpoint
Iteration number: 141
405	533.2	3.4
448	384	2.2
372	377.4	2.2
439	371.6	2
422	343.8	1.8
427	318.2	1.6
441	309.4	1.4
445	303.2	1.4
429	278.6	1.4
431	272.6	1.2
327	264.6	1.2
424	238	0.8
417	228.6	1
432	224.4	0.8
438	220.6	0.8
435	204.2	0.6
421	201.4	0.6
447	201.2	0.6
446	189.2	0.6
356	163.6	0.4
437	144.8	0.2
444	142.2	0.2
430	140	0.2
433	135	0
442	134	0.2
434	127	0
440	121.6	0
449	118.6	0
443	100.2	0
436	90.8	0
----
Iteration number: 142
459	376.6	2
451	375.4	2
461	362.2	2
450	333.4	1.6
405	313.4	1.4
458	313.2	1.4
445	312.6	1.4
429	294.8	1.4
452	283.4	1.2
465	281.4	1.2
439	278.8	1.2
466	277.4	1
441	271.6	1
469	268.2	1
372	264.4	1.2
427	257.2	1
462	250.4	0.8
448	247.6	0.8
457	240.6	1
460	224.4	0.6
422	220.2	0.8
467	203.2	0.6
453	166	0.2
454	162.4	0.2
431	153.6	0.2
464	136.2	0
468	122.4	0
456	114.2	0
463	95.6	0
455	95.6	0
----
Iteration number: 143
477	485.8	3.2
488	468.8	2.8
481	430	2.6
459	427.2	2.4
405	426	2.6
483	371.4	2
450	366.4	2
452	352.2	1.8
458	327	1.6
445	320	1.6
451	319.6	1.6
465	318.2	1.8
461	311.8	1.6
478	302.2	1.4
473	300	1.4
482	293	1.6
484	282.4	1.2
476	280.4	1.2
475	278.8	1.4
474	258.4	1
429	253.2	1
487	204	0.4
480	193.2	0.6
489	187.6	0.6
486	154.2	0.4
472	145	0.2
470	136.6	0
485	119.8	0
471	116.8	0
479	85	0
----
Iteration number: 144
405	458.8	2.8
509	415.8	2.4
477	402.6	2.4
452	382.4	2.2
450	380.2	2.2
481	370.6	2
495	370.6	2.2
488	349.2	2
445	329.8	1.8
490	327	1.8
458	321.4	1.6
502	320.2	1.6
492	319.6	1.8
496	284.8	1.4
507	277	1.4
483	265.6	1.2
508	262.6	1.2
500	262.6	1.2
503	237.8	1
506	216.2	0.8
491	213	1
505	211.8	0.8
499	192.4	0.6
494	188	0.6
497	184.6	0.6
498	183.2	0.6
504	171.4	0.4
493	145	0.4
459	141	0.2
501	93.2	0
----
Iteration number: 145
527	405.8	2.4
518	385.2	2.2
516	382.8	2.2
520	372.8	2
450	345.2	1.8
509	339.2	1.6
488	325.4	1.6
523	311.6	1.6
525	300	1.4
524	296.6	1.4
490	281.2	1.4
522	263.6	1.2
495	247.8	1
511	238.2	0.8
512	236.2	0.8
445	235.6	0.8
477	223.6	1
521	202.4	0.6
405	201.6	0.6
481	198	0.4
529	180.6	0.4
517	177.2	0.4
514	172	0.2
452	164	0.2
526	158.2	0.4
519	83.4	0
515	81	0
510	81	0
528	77.4	0
513	74.6	0
----
Iteration number: 146
548	485.6	3
537	468	3
524	420.4	2.6
509	384.6	2.2
546	382.6	2
539	370	2.2
520	362.6	2
545	355	2
535	343.8	1.8
488	322.2	1.6
540	321	1.6
518	313.8	1.6
516	310.4	1.6
525	308.6	1.6
543	301.6	1.6
531	297.6	1.4
523	293	1.4
530	291.2	1.4
542	286	1.4
547	278.6	1.2
541	277.2	1.2
450	257.2	1.2
544	246.2	1
527	244.8	1
549	231.8	0.8
533	227.2	0.8
532	129.6	0
534	127.2	0
538	93.4	0
536	88.4	0
----
Iteration number: 147
555	332.2	1.6
537	302.2	1.4
559	293.4	1.4
488	290.4	1.2
520	284	1.2
545	280.8	1.2
546	271.8	1.2
564	266.2	1
550	263.4	1.2
551	236.6	0.8
509	236.2	0.6
552	232.4	0.6
562	227.2	0.8
565	225.2	0.6
558	220.6	0.6
548	220.6	0.8
569	201	0.4
561	191.6	0.4
554	181.2	0.4
567	180.2	0.2
560	177.2	0.4
524	167	0.2
566	161.2	0.2
556	160.6	0.2
563	129.8	0
539	111.8	0
553	106.8	0
535	105.4	0
568	103.6	0
557	83.4	0
----
Iteration number: 148
545	430.2	2.4
586	376.6	2
588	376.4	2
576	369.4	2
578	354.6	1.8
520	344.6	1.6
570	321.8	1.6
580	318.2	1.4
555	255.6	1
551	250.6	1
537	246.2	1
572	244.6	1
550	238	0.8
488	233.8	0.8
584	225.4	0.6
573	217.2	0.6
546	216.2	0.6
564	208	0.6
583	204.6	0.6
581	202.6	0.6
559	197.4	0.4
579	194	0.4
577	190.2	0.4
587	184.8	0.4
571	159.4	0.2
575	140.2	0
589	135.2	0
585	123.8	0
582	121.2	0
574	111.8	0
----
Iteration number: 149
594	547.8	3.6
601	448.4	2.8
580	403.8	2.4
602	396.2	2.4
588	362.4	2
603	336.4	1.8
551	331	1.8
590	309	1.6
545	298	1.4
608	297.8	1.4
607	291	1.4
609	270.6	1.2
578	270.4	1.2
599	263.8	1
606	262.8	1
605	261.2	1.2
596	251	1
591	248.2	1
555	247.4	1
593	239.6	0.8
570	228.2	0.8
576	214	0.6
520	208.4	0.6
595	207.8	0.6
597	203.6	0.6
586	184.8	0.4
592	161.2	0.2
600	147.4	0.2
604	137	0.2
598	98.8	0
----
Iteration number: 150
588	497	3.2
601	466	3
620	421.2	2.6
551	400.2	2.4
625	392.6	2.2
622	389.8	2.4
628	378	2.2
602	365.8	2
594	357.6	2
608	357.6	2
603	353.4	2
612	335.8	1.8
613	335.2	1.8
616	321.8	1.8
580	295.4	1.4
621	295.2	1.6
545	283.6	1.4
626	240.8	1.2
614	218.4	0.8
629	215.6	0.8
610	215.4	0.8
627	202.4	0.8
618	187.6	0.6
623	186	0.6
617	146	0.2
590	140.4	0.2
611	126.2	0
619	123.4	0
615	102	0
624	84	0
----
Iteration number: 151
551	376.2	2.4
628	367.4	2
640	294	1.4
630	270	1.2
639	261.6	1
647	247.6	1
642	243.4	1.2
625	233.8	1
638	233.2	1
644	230.6	1
636	230	0.8
601	229.4	1.2
631	226.2	0.8
602	224	1
648	213.2	0.8
633	186	0.6
632	182.8	0.4
637	173.6	0.6
594	160.2	0.2
641	154.2	0.4
608	153.4	0.2
622	130.4	0.2
634	126.8	0.2
649	126.2	0
620	119.8	0.2
645	119	0
646	114	0.2
588	110.8	0
643	98.4	0
635	96.8	0
----
Iteration number: 152
666	446	2.6
650	408.4	2.6
667	387.4	2.2
661	384.6	2.2
628	377.6	2.2
625	334.2	1.8
640	327.6	1.6
659	292	1.6
647	268	1.2
662	260.6	1.2
651	258.2	1
663	231.2	0.8
630	225.8	0.8
639	216.2	0.6
644	212.4	0.8
638	206.6	0.6
658	204	0.6
656	193	0.6
652	169.6	0.4
657	168.6	0.4
655	158.8	0.2
664	156.6	0.2
642	149.4	0.4
654	147.6	0.4
551	136.6	0.2
660	131.2	0.2
668	120.8	0
665	105	0
669	89	0
653	79.2	0
----
Iteration number: 153
671	413.4	2.4
625	396.4	2.4
650	371	2.2
667	340.8	1.8
674	312.6	1.6
662	312	1.6
686	298.8	1.4
682	292.2	1.4
678	291.4	1.4
647	279.2	1.4
628	267.2	1.2
676	257.6	1.2
677	239.4	1
640	230.6	0.8
661	229.4	1
679	225.4	0.8
683	215.4	0.8
687	201.4	0.8
680	193.8	0.6
684	191.4	0.6
659	190	0.8
689	188.2	0.4
673	164.8	0.4
681	155.4	0.2
675	151.2	0
688	137.4	0
672	114.6	0
666	108.2	0
670	88	0
685	74.4	0
----
Iteration number: 154
701	480.2	3
686	368.8	2
700	351.6	1.8
695	347	1.8
674	333.8	1.8
650	324.8	1.8
693	321.6	1.6
625	314.2	1.6
708	293.8	1.4
709	279.6	1.4
707	270.6	1.2
647	266.6	1.2
667	260.2	1
702	255.2	1
678	247.8	1
690	244.2	1
706	238.6	1
692	221	0.8
671	219	0.6
703	205.6	0.6
698	198	0.6
682	185.6	0.4
705	184.2	0.6
662	180.6	0.4
699	166.6	0.4
697	135.6	0
691	135.2	0.2
696	119.8	0
694	94.8	0
704	85.8	0
----
Iteration number: 155
674	417.2	2.6
723	387.2	2.2
700	375.6	2
726	365.8	2
729	356	2
714	346	1.8
713	321.4	1.6
625	318.6	1.6
728	318.6	1.6
724	316.6	1.6
721	314.2	1.6
686	303.6	1.4
695	295.2	1.4
709	292	1.4
718	289.8	1.4
727	277.8	1.2
717	271.2	1.2
650	270.6	1.4
712	261.2	1.2
710	256.4	1
708	215	0.8
722	178.8	0.4
693	173.4	0.6
725	156	0.4
701	150.8	0.2
716	130	0
720	122.6	0
719	114.6	0
711	100.4	0
715	97	0
----
Iteration number: 156
713	431.4	2.6
733	311.4	1.4
723	308.2	1.6
736	304.2	1.4
674	295.4	1.4
625	285.8	1.2
728	284.6	1.4
724	281.8	1.4
744	275.4	1.2
731	268.6	1.2
741	251.6	1
743	245.2	1
700	236.6	0.8
714	231.8	1
740	225.2	0.8
748	225	0.6
747	215.6	0.8
739	210.2	0.6
745	206.8	0.6
730	195.6	0.6
729	193	0.6
726	175	0.4
742	167	0.2
737	166	0.2
749	135.6	0.2
732	127.2	0
735	103.6	0
734	103.4	0
746	101.6	0
738	84.6	0
----
Iteration number: 157
625	430.6	2.6
765	386.8	2.2
728	372.6	2
744	353.8	1.8
764	343.8	1.8
754	332.8	1.6
755	311.6	1.4
769	298	1.2
731	289.6	1.4
753	287	1.2
736	277.4	1.2
762	257.2	1
752	254.8	1
733	229.2	0.8
713	221	0.6
750	214.2	0.6
768	209.6	0.8
723	190.2	0.6
761	175.8	0.4
760	169	0.2
767	166.2	0.4
724	154.6	0.2
766	148.8	0.2
759	132.4	0
674	123.6	0
763	111	0
751	105.6	0
758	103.8	0
757	103.8	0
756	99	0
----
Iteration number: 158
774	342.4	1.6
772	324.4	1.6
764	312.6	1.4
753	275.4	1.2
744	266.6	1
754	262	1
778	252	1
731	250.6	1
755	234.6	0.8
625	226.8	0.8
788	216.8	0.6
775	202	0.6
770	198.8	0.6
728	189.6	0.4
789	188	0.4
787	182.8	0.4
780	177	0.4
785	165.8	0.2
769	162.2	0.2
771	156.6	0.4
765	156.4	0.2
779	147	0.2
781	142.2	0
784	139	0.2
777	138.8	0
786	123.8	0
782	119.4	0
783	91.2	0
776	91.2	0
773	85.2	0
----
Iteration number: 159
778	483.2	3
799	480.4	3
625	463.4	2.8
796	456.6	2.8
801	454.2	2.8
806	427.8	2.6
753	413.6	2.4
791	410.2	2.6
772	404.6	2.4
809	402.2	2.4
754	399.4	2.4
792	376.2	2.2
803	373.2	2.2
794	347.8	2
795	341.2	1.8
764	331.2	1.8
731	307.2	1.6
755	296.6	1.4
797	289.6	1.4
807	284.2	1.4
804	278.6	1.2
808	251	1
744	245.4	1
805	223.6	0.8
800	205.4	0.6
790	203.8	0.6
802	201.6	0.6
774	192.6	0.4
793	179.8	0.4
798	115	0
----
Iteration number: 160
817	353.2	1.8
801	338.6	1.6
799	295.2	1.4
625	294	1.4
810	283.8	1.4
825	261.8	1
809	246.4	0.8
815	234.4	0.6
816	228.2	0.6
818	226.6	0.8
778	202.4	0.4
824	199.2	0.6
827	195.8	0.6
828	192.4	0.4
819	188.8	0.4
829	185.8	0.4
814	179	0.4
821	172.2	0.2
806	166.2	0.2
826	166	0.2
822	161.2	0.2
791	156.8	0.2
753	154.8	0.2
811	150.8	0.2
796	145.8	0.2
813	136.8	0.2
772	115.6	0.2
820	99.8	0
812	99	0
823	83	0
----
Creating checkpoint
Iteration number: 161
831	421.4	2.4
846	381.4	2
625	331.8	1.4
815	302	1.2
848	299.2	1.4
834	296.2	1.2
844	292.2	1.2
799	289.2	1.2
810	280.6	1.2
801	279.6	1
837	262.2	1.2
817	257.4	0.8
832	244.4	0.8
842	239.2	0.8
809	238.6	0.8
835	232.8	0.8
825	217	0.6
847	211.2	0.6
830	204.4	0.4
833	191.8	0.4
816	184.6	0.2
839	183.4	0.4
836	182.6	0.4
840	182.2	0.4
845	179.2	0.2
838	172.4	0.2
818	144.8	0
843	130.4	0
841	100.2	0
849	95	0
----
Iteration number: 162
862	333.6	1.6
863	323.4	1.4
868	294.4	1.2
801	274.4	1
855	250.8	0.8
860	247.8	0.8
866	246.6	0.8
815	245.2	0.8
834	234.4	0.8
864	229.8	0.6
869	226.2	0.8
810	226	0.6
831	221.8	0.6
858	219	0.6
848	216.4	0.6
851	212	0.6
844	204.6	0.6
799	203	0.6
852	197.4	0.4
846	187.2	0.4
625	182.6	0.4
850	165.2	0.2
854	162.8	0.2
859	157.6	0.4
865	148.8	0
861	127	0
856	107.6	0
853	102.2	0
857	90.2	0
867	78.4	0
----
Iteration number: 163
876	366.8	2
863	338.2	1.6
886	334.4	1.6
834	330.2	1.6
801	312.6	1.4
883	308	1.4
860	295.8	1.2
864	288.8	1.2
874	285.4	1.2
868	279.4	1.2
866	276.6	1.2
855	271.6	1
885	271.2	1
888	270.6	1
862	256	1
887	241.6	0.8
815	241	0.8
870	234.4	0.8
871	233.6	0.8
880	217.8	0.6
875	213	0.6
889	207	0.6
877	202.4	0.4
872	181.8	0.4
873	178	0.4
884	169.4	0.2
881	145.2	0.2
882	124.4	0
879	120	0
878	104.8	0
----
Iteration number: 164
905	616.6	4.2
801	502	3.2
883	500.2	3.2
886	486.2	3
909	459.6	3
902	455.4	2.8
901	397.2	2.4
897	387.6	2.2
900	372.2	2
860	364.4	2
898	360.4	2
892	358	2
899	347.2	1.8
863	339.6	1.8
876	337.8	1.8
894	335.6	1.8
895	333	1.8
834	300.6	1.4
864	295.6	1.4
904	256	1
896	245	1.2
868	213.6	0.6
890	210	0.6
908	188.8	0.6
906	163.4	0.2
907	161.4	0.2
874	146.8	0
891	133	0
903	100.8	0
893	96.8	0
----
Iteration number: 165
918	440.8	2.8
909	390.4	2.2
922	381.8	2.2
914	332.2	1.6
913	308.8	1.4
926	278.8	1.2
911	270.8	1.2
801	261.8	1
902	253	1
900	251	1
923	248.6	1
883	238	0.8
920	237.4	0.8
919	229.8	0.8
921	226	0.8
910	224	0.8
915	218.2	0.8
927	209.4	0.6
901	200.4	0.6
886	194.4	0.4
860	192	0.6
924	190.2	0.4
916	186.8	0.4
897	160.6	0.2
912	157.8	0.2
925	156.4	0.2
905	144	0.2
928	132.8	0
917	119.8	0
929	94.8	0
----
Iteration number: 166
911	395.2	2.4
909	394	2.4
947	393.4	2.4
902	391.6	2.2
946	378.4	2.2
922	372.8	2
943	360.4	1.8
940	357.6	2
930	344.4	1.8
939	336.8	1.8
914	330	1.6
942	328.2	1.6
935	327	1.8
913	291	1.4
918	272.4	1.2
941	265.6	1
932	253.4	1
933	235.8	1
926	233.6	0.8
931	233.2	0.8
900	228.4	0.8
801	223.8	0.8
944	223.6	0.8
937	219.4	0.8
949	208.6	0.6
945	208	0.6
934	187.4	0.4
948	172.8	0.2
936	154.2	0.4
938	133.6	0
----
Iteration number: 167
961	545.4	3.4
952	515.4	3.2
930	475.4	2.8
968	428.6	2.4
911	404	2.2
909	399	2.2
956	386.2	2
967	373.8	2
947	370.8	2
940	362.4	1.8
964	358.6	1.8
959	357.8	1.8
902	344.4	1.6
939	341.8	1.8
922	332.2	1.6
966	319.8	1.4
960	305.2	1.4
957	298.6	1.4
953	294.4	1.2
954	266	1
950	264.2	1.2
955	243.4	0.8
946	239.6	1
943	214.8	0.6
962	201.2	0.4
969	173.4	0.2
965	144.6	0
958	112.6	0
951	101.8	0
963	95.6	0
----
Iteration number: 168
911	424	2.4
968	417.6	2.6
974	386.2	2
961	372.6	2
940	368.2	1.8
977	359	2
973	358.6	1.8
952	352	1.8
930	351	1.8
981	346.6	2
971	344.4	1.6
984	331.2	1.8
947	331.2	1.8
956	328.4	1.6
970	315.8	1.4
989	314.8	1.4
982	307	1.4
988	299.4	1.2
909	290.8	1.4
976	282	1.2
986	278.4	1.2
972	267.8	1
979	261.4	1
975	252.4	1
980	241.8	0.8
983	235.6	0.8
985	213.8	0.6
987	192.4	0.4
967	175.8	0.4
978	171.4	0.4
----
Iteration number: 169
973	452.6	2.8
1002	436.8	2.6
998	403.6	2.4
996	388.6	2.2
994	373	2.2
952	363	2
977	342	1.8
1003	341.2	1.8
1008	339	1.8
990	337.8	1.8
930	325.8	1.6
968	316	1.6
911	313.6	1.6
999	306.4	1.6
940	296.6	1.4
1004	268.8	1.2
974	267	1.2
961	267	1.2
995	263	1.2
981	257.4	1.2
1007	247.4	1
991	237.6	1
992	210.8	0.6
1006	208.4	0.6
1001	159.2	0.4
1000	153.6	0.2
993	136.6	0.2
997	129.6	0.2
1009	114.2	0
1005	97.2	0
----
Iteration number: 170
1020	427.2	2.4
990	420.2	2.6
996	418.2	2.4
1015	398.8	2.4
1003	392.8	2.2
1023	389.2	2.2
998	366.6	2
994	335.2	1.8
1025	308.4	1.6
1010	300	1.4
1017	288.6	1.4
1016	284.4	1.2
1002	283.8	1.2
1022	266	1.2
952	252.6	1
973	239.2	0.8
1012	230.6	0.8
1021	228.4	0.8
1024	226.8	0.6
1008	214.2	0.8
977	207.8	0.6
1011	207.4	0.6
1013	196.6	0.4
1019	186.4	0.4
1014	173.4	0.2
1018	159.2	0.2
1029	150.6	0.2
1026	113.4	0
1028	92.4	0
1027	77.6	0
----
Iteration number: 171
1015	511.4	3.2
1038	507.4	3.2
994	417	2.4
1003	415	2.4
1031	405.4	2.2
1025	404.4	2.2
1036	399.8	2.2
1010	391.6	2.2
1039	389.8	2.2
1020	383.2	2
1047	359.8	1.8
990	343	1.8
998	316	1.6
1035	300.6	1.4
1042	286.4	1.2
996	262.8	1
1044	261.8	1
1033	255.6	1
1032	252.6	1
1046	248	1
1023	238.2	0.8
1037	226.6	0.6
1048	226	0.6
1045	207	0.6
1049	194.2	0.4
1040	193.6	0.4
1041	165.4	0.4
1034	139.8	0.2
1030	90.4	0
1043	87.2	0
----
Iteration number: 172
1062	463.2	2.8
1066	444.8	2.6
1053	425	2.4
1039	392.4	2.2
1056	366	2
1050	297.6	1.4
1065	292.6	1.4
1038	285	1.2
1063	276.8	1.2
1068	262.6	1
1069	259.2	1
1057	256.8	1
1020	252.2	1
1010	240.4	0.8
1059	222.6	0.8
1061	215.4	0.6
1036	211.6	0.6
994	210	0.6
1031	210	0.6
1052	209.6	0.8
1003	206.6	0.6
1015	200.4	0.6
1051	189.6	0.4
1058	183.2	0.4
1025	167.4	0.2
1054	159.2	0.2
1067	157	0.2
1055	141.2	0
1064	130.6	0
1060	101.8	0
----
Iteration number: 173
1056	547.2	3.8
1086	404.8	2.2
1066	397.8	2.2
1080	379	2
1071	375.4	2
1089	372	2
1068	355.6	1.8
1039	335.6	1.8
1078	291	1.4
1085	289	1.6
1063	286.2	1.2
1070	285.2	1.2
1038	256	1
1081	252	1
1053	249.2	0.8
1082	243.4	0.8
1072	235.6	0.8
1088	230.8	0.8
1087	230.4	0.8
1062	227.4	0.8
1079	217.8	0.6
1084	213.4	0.6
1074	201.6	0.6
1076	197.2	0.4
1083	193.4	0.4
1073	158.2	0.4
1050	146.2	0
1075	137.8	0.2
1077	116.4	0
1065	111.4	0
----
Iteration number: 174
1039	408.4	2.4
1086	408.2	2.2
1095	335.8	1.6
1068	311.6	1.4
1099	301.6	1.4
1066	300.6	1.4
1089	290.8	1.2
1107	287.6	1.2
1103	240.6	0.8
1102	238	0.8
1109	223.6	0.6
1094	218.8	0.6
1098	213.4	0.8
1106	205.2	0.4
1091	195.2	0.4
1071	190.8	0.4
1105	189.6	0.4
1056	186.2	0.4
1080	182.4	0.2
1090	181.4	0.4
1100	165.8	0.4
1092	160.4	0.2
1085	153	0.4
1078	133.4	0.2
1108	128.4	0
1101	127.6	0
1104	123.8	0
1097	108	0
1096	108	0
1093	94.2	0
----
Iteration number: 175
1113	457	2.8
1129	412.4	2.4
1117	409.8	2.4
1086	368.6	2
1095	364	2
1120	356	1.8
1039	346.6	2
1118	346.6	1.8
1089	342.6	1.8
1115	331.6	1.6
1107	323	1.6
1124	322.8	1.6
1112	317.8	1.6
1114	314.4	1.6
1102	308.8	1.6
1119	305	1.6
1099	299.2	1.6
1125	283.8	1.2
1066	278.8	1.2
1126	276	1.2
1111	275	1.2
1068	267.4	1.2
1103	240	1
1123	230.8	1
1121	198.4	0.6
1127	178.8	0.4
1128	160	0.4
1122	156.2	0.2
1116	126.4	0
1110	120.2	0
----
Iteration number: 176
1137	415.6	2.4
1095	399.8	2.2
1147	364.4	2
1113	357.4	2
1139	276.6	1.4
1039	276.6	1.2
1086	271.4	1
1133	248.4	1
1130	247.4	1
1117	245.6	1
1149	244.2	0.8
1136	237.2	1
1138	236.6	0.8
1144	226	0.6
1141	215.6	0.6
1148	213.2	0.6
1146	210.6	0.6
1142	205.6	0.6
1143	205	0.6
1089	195.2	0.6
1118	193.4	0.4
1129	189.4	0.4
1132	187.6	0.4
1120	182.8	0.4
1140	181.4	0.4
1115	180.4	0.4
1145	169.4	0.2
1134	137.6	0
1131	133	0
1135	108.2	0
----
Iteration number: 177
1164	512.8	3.2
1117	426.2	2.4
1158	419.2	2.4
1113	396.2	2.2
1159	367.4	2
1139	361.4	2
1095	360	1.8
1137	352.4	1.8
1165	346.4	1.8
1168	335.8	1.6
1039	330.6	1.6
1147	324.2	1.6
1166	323	1.6
1130	291.8	1.2
1133	291	1.2
1167	289.4	1.2
1163	287.4	1.2
1150	284.4	1.2
1161	265.4	1
1156	265	1
1157	254	1
1154	251.6	0.8
1086	243.4	0.8
1162	236	0.8
1155	224.8	0.8
1151	169	0.2
1152	164.2	0.2
1169	163.6	0.2
1160	160	0.2
1153	143.6	0
----
Iteration number: 178
1180	392.6	2.2
1165	344.4	1.8
1188	331.8	1.6
1158	314.6	1.4
1095	314.2	1.4
1170	313.4	1.4
1171	312.4	1.4
1172	311.4	1.4
1186	306.2	1.4
1187	295	1.4
1175	285.4	1.2
1137	285.4	1.2
1178	282.2	1.2
1176	266.8	1
1185	265.2	1
1189	263	1
1159	262.6	1
1177	260.8	1
1173	256.6	1
1139	246.6	1
1183	245	0.8
1181	232.4	0.8
1179	225.8	0.8
1174	222	0.8
1117	204.6	0.6
1168	199.2	0.4
1184	192.2	0.4
1113	184.8	0.4
1164	184.2	0.6
1182	176.6	0.4
----
Iteration number: 179
1191	434.6	2.6
1187	416	2.6
1195	397.4	2.4
1203	377.4	2.2
1193	354.8	2
1199	333.4	1.8
1209	322.8	1.8
1170	313.8	1.6
1197	312.6	1.6
1205	293.2	1.4
1190	277	1.2
1095	265.4	1.2
1180	259.2	1.2
1201	256.2	1.2
1165	235.8	1
1198	231.8	0.8
1158	230.6	1
1194	225.6	0.8
1196	221.6	0.8
1206	208.2	0.8
1172	206.2	0.6
1208	193.8	0.4
1186	182.8	0.4
1188	179.2	0.6
1207	176.4	0.4
1171	173	0.4
1202	160.2	0.2
1204	150.4	0.2
1192	115.6	0
1200	87.4	0
----
Iteration number: 180
1225	546.2	3.6
1193	515.4	3.2
1197	488.8	3
1187	468.4	2.8
1211	462.4	2.8
1205	436	2.6
1195	424.4	2.6
1217	422.4	2.4
1224	417.6	2.4
1226	393	2.2
1222	340.8	1.8
1228	336.4	1.8
1203	332.8	1.8
1170	328.2	1.6
1215	316.8	1.6
1199	309.4	1.4
1216	309	1.4
1219	284.4	1.2
1209	282.6	1.2
1214	279	1.2
1218	261.2	1
1212	238.2	0.8
1223	206.6	0.6
1191	188.4	0.4
1210	187.2	0.4
1221	176.4	0.4
1229	175.4	0.4
1213	138	0
1227	97	0
1220	97	0
----
Creating checkpoint
Iteration number: 181
1187	457.8	2.8
1233	412.2	2.4
1241	409.8	2.4
1244	391.2	2.2
1224	375.8	2
1234	348	1.8
1197	333.8	1.6
1230	326.4	1.6
1238	324.6	1.6
1242	324.6	1.6
1226	322.4	1.6
1243	322.2	1.6
1217	305	1.4
1195	303.4	1.4
1237	298.2	1.4
1249	294.2	1.4
1248	290.6	1.4
1225	275.8	1.2
1211	272.2	1.2
1193	253	1
1240	214.4	0.6
1232	191.2	0.4
1231	186.2	0.6
1205	172	0.2
1247	134.6	0
1246	105.2	0
1239	95.6	0
1245	89.6	0
1236	89.6	0
1235	89.6	0
----
Iteration number: 182
1233	501.8	3.2
1241	489.6	3
1254	485	3
1265	433.6	2.6
1257	419.4	2.4
1244	391.4	2.2
1197	367.4	2
1262	351.8	1.8
1230	350.6	1.8
1250	348	1.8
1224	346.4	1.8
1263	331.4	1.8
1242	322.2	1.6
1260	299.6	1.4
1259	292.6	1.4
1255	288.8	1.2
1253	285.8	1.2
1187	282.8	1.2
1267	280.8	1.2
1256	277.6	1.2
1266	275.4	1.2
1261	256.8	1
1268	255	1
1269	253.8	1
1234	252.4	1.2
1238	192.4	0.4
1252	148	0.2
1258	111.8	0
1264	98	0
1251	82.6	0
----
Iteration number: 183
1276	458.8	2.8
1275	446.8	2.6
1285	439.6	2.6
1250	432	2.6
1241	406.8	2.4
1233	389.6	2.2
1277	366.6	2
1287	361.6	2
1271	354.2	2
1254	351.4	1.8
1270	349.4	1.8
1273	342.2	1.8
1288	321.6	1.6
1197	295	1.4
1278	294.8	1.4
1257	284.8	1.2
1279	269.8	1
1274	261.2	1
1289	260.6	1
1286	258.4	1
1262	254.8	1
1230	252.2	1
1265	214.6	0.6
1244	188.2	0.6
1281	154	0.2
1284	117.8	0
1283	114	0
1282	90.6	0
1280	90.6	0
1272	89	0
----
Iteration number: 184
1299	566.6	3.8
1307	556.4	3.8
1309	553.6	3.8
1271	545.4	3.6
1285	509.6	3.2
1275	479.6	3
1301	473	3
1287	442.4	2.6
1254	433.4	2.6
1250	428.6	2.6
1304	427.2	2.6
1241	426.2	2.6
1233	390.8	2.2
1297	388	2.2
1276	377.8	2.2
1298	373	2
1306	347.8	1.8
1295	338	1.8
1292	336.2	1.8
1303	334.4	1.8
1277	298.2	1.4
1293	279.2	1.4
1300	278.8	1.2
1291	273	1.2
1305	267.8	1.2
1290	263.2	1.2
1294	172	0.4
1308	141.2	0
1296	123.6	0
1302	97.4	0
----
Iteration number: 185
1307	318.6	1.8
1327	286.2	1.4
1285	273.4	1.2
1329	270.2	1.2
1328	269.8	1.2
1313	255.2	1.2
1271	239.4	1
1320	228.4	0.8
1316	217.2	0.8
1299	205.2	0.8
1254	204	0.6
1322	199	0.6
1309	198	0.6
1326	194.8	0.6
1311	186.2	0.6
1250	174.8	0.4
1287	172.2	0.4
1323	168	0.4
1312	160.6	0.4
1275	150.6	0.2
1324	147.8	0.4
1318	139.6	0.2
1310	131.8	0
1301	123.2	0
1314	101	0
1319	99.8	0
1315	95.8	0
1325	94.2	0
1321	89.6	0
1317	86.8	0
----
Iteration number: 186
1285	564.8	3.8
1347	540	3.6
1271	442.6	2.8
1333	412.2	2.4
1329	403	2.4
1330	395.2	2.4
1307	391.2	2.2
1320	357.6	2
1345	349.6	1.8
1340	342.8	1.8
1331	339.4	1.8
1336	338	2
1313	336.2	1.8
1327	322	1.6
1332	313.6	1.6
1339	309.8	1.6
1343	308.4	1.6
1299	304.8	1.6
1328	299.4	1.4
1342	272.2	1.2
1348	253.8	1
1316	244.2	1
1337	205.4	0.8
1335	166.2	0.6
1346	158.6	0.2
1341	156.6	0.2
1338	135.2	0
1334	132.6	0.2
1344	94.2	0
1349	87.8	0
----
Iteration number: 187
1353	377	2.2
1320	304.8	1.4
1357	277.2	1.2
1362	256.2	1
1350	252.6	1
1285	250.4	1
1340	238.4	0.8
1333	236.8	0.8
1365	216	0.8
1369	215.8	0.8
1366	213.8	0.6
1345	211	0.6
1329	209.4	0.6
1360	195	0.6
1354	185	0.4
1330	183.6	0.4
1359	181.2	0.6
1352	177.4	0.2
1361	172.6	0.4
1271	155.8	0.2
1368	150.8	0.2
1356	148.6	0.2
1364	144.4	0
1363	137.2	0.2
1351	133.6	0
1367	130.8	0
1347	130.8	0.2
1307	109.8	0
1355	101.4	0
1358	90.2	0
----
Iteration number: 188
1285	406.6	2.4
1320	394.8	2.2
1386	388.2	2.2
1379	380.6	2.2
1387	379.6	2.2
1382	377.2	2.2
1369	372	2
1350	335.2	1.8
1381	327.6	1.6
1362	327	1.6
1340	324.6	1.6
1372	315.2	1.6
1389	280.6	1.4
1370	273.6	1.2
1376	257.2	1
1353	252.4	1
1374	228.8	0.8
1378	214.8	0.8
1385	213.4	0.8
1380	201.2	0.6
1375	184.6	0.4
1377	182	0.4
1333	168	0.4
1383	157.2	0.6
1371	153.2	0.2
1365	148.4	0.2
1357	146.6	0.2
1388	117.8	0
1384	91.4	0
1373	90.2	0
----
Iteration number: 189
1394	423.8	2.4
1406	376	2
1285	372	2
1382	334.6	1.6
1400	298.2	1.4
1393	287.8	1.2
1391	284.6	1.2
1379	274.2	1.2
1405	271.4	1.2
1397	268.8	1
1390	263.6	1
1386	254.8	1
1395	249	1
1350	246	1
1409	217.8	0.6
1407	216.2	0.8
1401	210.8	0.6
1381	190.8	0.4
1398	182.8	0.6
1369	181.8	0.4
1387	176.4	0.2
1399	175.6	0.2
1320	168.8	0.2
1392	166.8	0.2
1404	151	0.2
1408	144.6	0
1362	141.8	0
1396	129.6	0
1403	103	0
1402	103	0
----
Iteration number: 190
1400	501.4	3.2
1379	433.8	2.6
1406	423	2.4
1413	382.8	2.2
1394	376.4	2.2
1427	368.2	2
1391	363.6	2
1397	357.8	2
1285	343.6	1.8
1416	323.2	1.6
1410	310.4	1.6
1415	286.4	1.2
1411	274.6	1.2
1424	262.4	1.2
1419	256.6	1.2
1405	253	1.2
1382	252.8	1
1417	236	0.8
1425	225.8	0.8
1426	209.8	0.8
1429	203.6	0.6
1421	188.2	0.4
1412	175.2	0.4
1420	171.2	0.4
1422	159.4	0.4
1428	147	0.2
1393	144.6	0.2
1423	124.2	0
1418	114	0
1414	104.4	0
----
Iteration number: 191
1445	380	2
1397	380	2
1437	372.4	2.2
1391	354.8	1.8
1439	351.4	1.8
1444	349.6	1.8
1394	348.6	1.8
1427	335.6	1.6
1430	324.6	1.6
1400	309	1.4
1432	287.2	1.2
1441	279.8	1.2
1435	278.2	1.2
1285	271.8	1
1406	269.6	1.2
1436	268.6	1
1440	262.6	1.2
1413	245.4	0.8
1448	238.2	1
1433	237	0.8
1449	236.8	0.8
1446	235.4	0.8
1442	220.4	0.6
1416	202.2	0.4
1434	181.4	0.2
1431	175	0.2
1447	173.4	0.4
1379	165.2	0.2
1443	101.2	0
1438	80.2	0
----
Iteration number: 192
1464	474.6	3
1444	448	2.8
1462	439.6	2.8
1400	389.4	2.4
1454	386.6	2.2
1467	386.2	2.2
1394	363	2
1439	362	2
1437	349.4	2
1391	338.8	1.8
1460	329.4	1.8
1430	311.8	1.6
1451	306.6	1.6
1397	292.6	1.4
1469	279	1.2
1455	260.4	1.2
1468	251.2	1
1453	240.4	1
1463	238.8	1
1445	217.8	0.8
1456	200.6	0.6
1466	187	0.4
1450	186	0.6
1465	174.8	0.4
1427	173.2	0.4
1458	159.2	0.4
1452	112.6	0
1461	112.4	0
1459	110	0
1457	70	0
----
Iteration number: 193
1462	395.2	2.4
1394	394.6	2.4
1454	363.6	2
1471	343.2	2
1439	343.2	1.8
1484	340.8	1.8
1391	333.6	1.8
1474	315.6	1.6
1482	300.4	1.4
1473	298.2	1.6
1464	281.4	1.4
1467	264.8	1.2
1481	251.4	1
1400	249.2	1
1487	228.4	0.8
1472	210.2	0.6
1478	194.6	0.4
1483	191	0.6
1489	190.8	0.6
1475	189.2	0.4
1477	170.2	0.2
1486	164.4	0.4
1444	156	0.2
1470	138.2	0.2
1488	134.8	0.2
1437	129.2	0.2
1476	129	0
1480	119	0
1485	103	0
1479	86.8	0
----
Iteration number: 194
1462	481.6	3.2
1504	445.2	2.8
1501	401.4	2.4
1494	377.2	2
1484	369.8	2
1490	346.6	1.8
1495	345.6	2
1439	321	1.6
1454	321	1.6
1394	319.8	1.8
1474	303.2	1.4
1507	291.4	1.4
1500	291.4	1.4
1491	275.2	1.2
1391	263.2	1.2
1505	252.8	1
1506	252.2	1
1471	243.2	1
1493	215.4	0.8
1499	197.6	0.8
1492	193	0.6
1473	186.4	0.6
1502	183.6	0.4
1496	182.6	0.4
1482	173.4	0.4
1498	149.2	0.2
1509	146.2	0.2
1497	126.2	0
1508	119.8	0.2
1503	110	0
----
Iteration number: 195
1523	463.2	3
1521	363.6	2
1394	330	1.8
1515	317.6	1.6
1439	306.6	1.6
1529	297.2	1.4
1526	285	1.4
1510	281	1.4
1501	280	1.4
1519	263.8	1.2
1494	263.2	1.2
1524	239.8	1
1511	236.8	1
1513	234.8	1
1516	231.8	1
1495	227.6	1
1520	224.2	0.8
1527	200	0.6
1528	192.8	0.6
1518	188	0.6
1522	184.2	0.4
1484	170.8	0.4
1512	168.4	0.4
1462	157	0.4
1490	154.6	0.2
1504	147.6	0.2
1525	144.8	0.2
1454	136.4	0
1517	111.8	0
1514	75.2	0
----
Iteration number: 196
1534	417	2.4
1519	364.4	2
1547	332	1.6
1540	315.2	1.4
1538	282.6	1.2
1523	277.8	1.2
1544	265.4	1
1521	261.4	1
1529	248.2	1
1536	243.8	1
1394	234	0.8
1537	233	0.8
1530	232	0.8
1531	230.4	0.8
1546	227	0.6
1541	219.2	0.6
1515	213.2	0.6
1545	200	0.6
1439	191.4	0.4
1542	169.4	0.2
1533	168.6	0.4
1526	151.6	0.2
1532	151.2	0.2
1501	141	0
1549	132.2	0
1510	131.4	0
1539	119.2	0
1543	106	0
1535	106	0
1548	83.6	0
----
Iteration number: 197
1538	560	3.6
1521	536.4	3.4
1540	404.2	2.4
1552	388	2.2
1562	382.4	2.2
1519	374.2	2
1556	364.2	2
1551	353.4	1.8
1565	351.8	2
1534	336.6	1.8
1566	306	1.6
1544	304.8	1.4
1569	292	1.4
1558	276	1.2
1529	270.8	1.2
1553	269.6	1.2
1547	232.2	0.8
1567	218.2	0.6
1555	217.4	0.6
1568	217.2	0.8
1536	210	0.6
1557	204.4	0.6
1550	199.8	0.6
1564	198.2	0.6
1523	179.4	0.4
1560	126.4	0
1561	113.8	0
1559	112.6	0
1563	100.4	0
1554	95.4	0
----
Iteration number: 198
1577	417	2.6
1538	382.6	2.2
1556	380.4	2.2
1578	359.6	2
1581	353.8	2
1586	326.6	1.8
1585	315.2	1.6
1570	309.4	1.6
1583	292.6	1.6
1551	291.2	1.4
1588	291.2	1.4
1574	288	1.4
1562	275	1.4
1589	248.2	1.2
1519	246.8	1
1579	231.8	0.8
1521	223.6	0.8
1571	222.6	0.8
1552	218.4	0.8
1582	206.8	0.8
1540	205.2	0.6
1572	198.8	0.8
1534	178.6	0.4
1576	171.8	0.6
1580	170.8	0.4
1565	158.6	0.2
1587	126.8	0
1573	109	0
1584	99.4	0
1575	93.6	0
----
Iteration number: 199
1607	505.6	3.2
1601	461.4	2.8
1581	432.8	2.6
1538	418.6	2.4
1570	372.6	2
1578	361.8	1.8
1599	349	1.8
1577	348	1.8
1583	334.2	1.6
1597	315	1.6
1586	310.8	1.4
1591	306.2	1.4
1603	304.4	1.4
1602	300.4	1.4
1600	289	1.2
1596	287.6	1.2
1556	279.2	1
1593	273.8	1.2
1551	273.2	1.2
1585	265.4	1
1609	258	1.2
1590	257.4	1
1594	231.2	0.8
1605	219.4	0.6
1595	190	0.6
1604	181.2	0.4
1608	134.6	0
1592	116.8	0
1598	102.2	0
1606	98.8	0
----
Iteration number: 200
1621	372.6	2
1620	345.2	1.8
1622	330.8	1.6
1577	326	1.6
1578	324	1.8
1607	321.2	1.6
1627	319.6	1.6
1628	296.4	1.4
1629	285.8	1.4
1570	284	1.2
1614	268	1.2
1581	258.6	1
1599	257.4	1.2
1623	256	1
1601	253.4	1
1615	215.2	0.6
1538	215.2	0.8
1626	198.8	0.6
1583	188.2	0.6
1617	182.4	0.6
1624	180.8	0.4
1597	177.4	0.4
1616	174.8	0.4
1613	172	0.4
1625	145.6	0.4
1618	126	0
1612	99.6	0
1610	86.2	0
1611	71.2	0
1619	64.8	0
----
Creating checkpoint
